Board:
8 . . . . k . . r 
7 r . . . b p p p 
6 p . n p . . . . 
5 . p . N p P . . 
4 . . p . P . . . 
3 . . . . . . N . 
2 P P K R . . P P 
1 . . . . Q B . R 
  a b c d e f g h

P: 
8 0 0 0 0 0 0 0 0 
7 0 0 0 0 0 0 0 0 
6 0 0 0 0 0 0 0 0 
5 0 0 0 0 0 1 0 0 
4 0 0 0 0 1 0 0 0 
3 0 0 0 0 0 0 0 0 
2 1 1 0 0 0 0 1 1 
1 0 0 0 0 0 0 0 0 
  a b c d e f g h

N: 
8 0 0 0 0 0 0 0 0 
7 0 0 0 0 0 0 0 0 
6 0 0 0 0 0 0 0 0 
5 0 0 0 1 0 0 0 0 
4 0 0 0 0 0 0 0 0 
3 0 0 0 0 0 0 1 0 
2 0 0 0 0 0 0 0 0 
1 0 0 0 0 0 0 0 0 
  a b c d e f g h

B: 
8 0 0 0 0 0 0 0 0 
7 0 0 0 0 0 0 0 0 
6 0 0 0 0 0 0 0 0 
5 0 0 0 0 0 0 0 0 
4 0 0 0 0 0 0 0 0 
3 0 0 0 0 0 0 0 0 
2 0 0 0 0 0 0 0 0 
1 0 0 0 0 0 1 0 0 
  a b c d e f g h

R: 
8 0 0 0 0 0 0 0 0 
7 0 0 0 0 0 0 0 0 
6 0 0 0 0 0 0 0 0 
5 0 0 0 0 0 0 0 0 
4 0 0 0 0 0 0 0 0 
3 0 0 0 0 0 0 0 0 
2 0 0 0 1 0 0 0 0 
1 0 0 0 0 0 0 0 1 
  a b c d e f g h

Q: 
8 0 0 0 0 0 0 0 0 
7 0 0 0 0 0 0 0 0 
6 0 0 0 0 0 0 0 0 
5 0 0 0 0 0 0 0 0 
4 0 0 0 0 0 0 0 0 
3 0 0 0 0 0 0 0 0 
2 0 0 0 0 0 0 0 0 
1 0 0 0 0 1 0 0 0 
  a b c d e f g h

K: 
8 0 0 0 0 0 0 0 0 
7 0 0 0 0 0 0 0 0 
6 0 0 0 0 0 0 0 0 
5 0 0 0 0 0 0 0 0 
4 0 0 0 0 0 0 0 0 
3 0 0 0 0 0 0 0 0 
2 0 0 1 0 0 0 0 0 
1 0 0 0 0 0 0 0 0 
  a b c d e f g h

p: 
8 0 0 0 0 0 0 0 0 
7 0 0 0 0 0 1 1 1 
6 1 0 0 1 0 0 0 0 
5 0 1 0 0 1 0 0 0 
4 0 0 1 0 0 0 0 0 
3 0 0 0 0 0 0 0 0 
2 0 0 0 0 0 0 0 0 
1 0 0 0 0 0 0 0 0 
  a b c d e f g h

n: 
8 0 0 0 0 0 0 0 0 
7 0 0 0 0 0 0 0 0 
6 0 0 1 0 0 0 0 0 
5 0 0 0 0 0 0 0 0 
4 0 0 0 0 0 0 0 0 
3 0 0 0 0 0 0 0 0 
2 0 0 0 0 0 0 0 0 
1 0 0 0 0 0 0 0 0 
  a b c d e f g h

b: 
8 0 0 0 0 0 0 0 0 
7 0 0 0 0 1 0 0 0 
6 0 0 0 0 0 0 0 0 
5 0 0 0 0 0 0 0 0 
4 0 0 0 0 0 0 0 0 
3 0 0 0 0 0 0 0 0 
2 0 0 0 0 0 0 0 0 
1 0 0 0 0 0 0 0 0 
  a b c d e f g h

r: 
8 0 0 0 0 0 0 0 1 
7 1 0 0 0 0 0 0 0 
6 0 0 0 0 0 0 0 0 
5 0 0 0 0 0 0 0 0 
4 0 0 0 0 0 0 0 0 
3 0 0 0 0 0 0 0 0 
2 0 0 0 0 0 0 0 0 
1 0 0 0 0 0 0 0 0 
  a b c d e f g h

q: 
8 0 0 0 0 0 0 0 0 
7 0 0 0 0 0 0 0 0 
6 0 0 0 0 0 0 0 0 
5 0 0 0 0 0 0 0 0 
4 0 0 0 0 0 0 0 0 
3 0 0 0 0 0 0 0 0 
2 0 0 0 0 0 0 0 0 
1 0 0 0 0 0 0 0 0 
  a b c d e f g h

k: 
8 0 0 0 0 1 0 0 0 
7 0 0 0 0 0 0 0 0 
6 0 0 0 0 0 0 0 0 
5 0 0 0 0 0 0 0 0 
4 0 0 0 0 0 0 0 0 
3 0 0 0 0 0 0 0 0 
2 0 0 0 0 0 0 0 0 
1 0 0 0 0 0 0 0 0 
  a b c d e f g h


Full Bitboards:
White: 
8 0 0 0 0 0 0 0 0 
7 0 0 0 0 0 0 0 0 
6 0 0 0 0 0 0 0 0 
5 0 0 0 1 0 1 0 0 
4 0 0 0 0 1 0 0 0 
3 0 0 0 0 0 0 1 0 
2 1 1 1 1 0 0 1 1 
1 0 0 0 0 1 1 0 1 
  a b c d e f g h

Black: 
8 0 0 0 0 1 0 0 1 
7 1 0 0 0 1 1 1 1 
6 1 0 1 1 0 0 0 0 
5 0 1 0 0 1 0 0 0 
4 0 0 1 0 0 0 0 0 
3 0 0 0 0 0 0 0 0 
2 0 0 0 0 0 0 0 0 
1 0 0 0 0 0 0 0 0 
  a b c d e f g h


Pinned to King:
White: 
8 0 0 0 0 0 0 0 0 
7 0 0 0 0 0 0 0 0 
6 0 0 0 0 0 0 0 0 
5 0 0 0 0 0 0 0 0 
4 0 0 0 0 0 0 0 0 
3 0 0 0 0 0 0 0 0 
2 0 0 0 0 0 0 0 0 
1 0 0 0 0 0 0 0 0 
  a b c d e f g h

Black: 
8 0 0 0 0 0 0 0 0 
7 0 0 0 0 0 0 0 0 
6 0 0 0 0 0 0 0 0 
5 0 0 0 0 0 0 0 0 
4 0 0 0 0 0 0 0 0 
3 0 0 0 0 0 0 0 0 
2 0 0 0 0 0 0 0 0 
1 0 0 0 0 0 0 0 0 
  a b c d e f g h


Piece Coverage:
White: 
8 0 0 0 0 0 0 0 0 
7 0 0 1 0 0 0 0 0 
6 0 1 0 0 1 1 1 0 
5 0 0 0 1 0 1 0 1 
4 0 1 0 1 1 1 0 0 
3 1 1 1 1 1 1 1 1 
2 0 1 1 1 1 1 1 1 
1 1 1 1 1 0 1 1 1 
  a b c d e f g h

Black: 
8 1 1 0 1 1 1 1 0 
7 1 1 1 1 1 1 0 1 
6 1 0 0 1 1 1 1 1 
5 1 1 1 0 1 0 1 0 
4 1 1 1 1 0 1 0 1 
3 0 1 0 1 0 0 0 0 
2 0 0 0 0 0 0 0 0 
1 0 0 0 0 0 0 0 0 
  a b c d e f g h


Piece Attack:
White: 
8 0 0 0 0 0 0 0 0 
7 0 0 0 0 1 0 0 0 
6 0 0 0 0 0 0 0 0 
5 0 0 0 0 0 0 0 0 
4 0 0 1 0 0 0 0 0 
3 0 0 0 0 0 0 0 0 
2 0 0 0 0 0 0 0 0 
1 0 0 0 0 0 0 0 0 
  a b c d e f g h

Black: 
8 0 0 0 0 0 0 0 0 
7 0 0 0 0 0 0 0 0 
6 0 0 0 0 0 0 0 0 
5 0 0 0 0 0 0 0 0 
4 0 0 0 0 0 0 0 0 
3 0 0 0 0 0 0 0 0 
2 0 0 0 0 0 0 0 0 
1 0 0 0 0 0 0 0 0 
  a b c d e f g h


Check By:

King Position:
White: 2, 1
Black: 4, 7

Empty Bitboard:
5706271747237613167

En Passant Mask:
0

Castle:
White: False, False
Black: True, False
